    Q_hot	Q_cold	     P_el	 T_cold	      T_hot
    18000       14000        4400          -5          35
    17200       12500        5500          -5          45
    16500       10000        7000          -5          55
    16000        9200        7500          -5          60
    31500       26900        4600          15          35
    29500       24000        6000          15          45
    27800       21700        7000          15          55
    27000       20000        7500          15          60

  1.0e+04 *

K1	  K2		K3
0.0601   -0.0129    2.6219 

K4	  K5		K6
0.0009    0.0121    0.0236

K7	  K8		K9
0.0586   -0.0234    2.5767

